0 12 40 18 54 26 40 33 44 54 50 29 27 21 52 14 34 55 51 25 22 63 35 46 35 48 33 26 42 46 48 56 31 23 59 50 48 59 40 17
12 0 53 57 55 29 55 34 37 18 52 22 53 51 40 25 35 14 28 47 57 34 29 45 33 32 21 34 51 35 28 42 14 61 11 41 42 55 48 40
40 53 0 45 50 37 41 42 38 33 40 49 39 59 28 46 26 30 39 41 42 45 45 51 35 24 39 30 21 35 37 39 32 45 34 68 41 34 40 61
18 57 45 0 24 51 60 21 33 18 35 20 43 59 38 54 51 48 24 51 52 41 32 32 48 57 39 30 48 35 23 52 38 37 56 53 44 62 56 59
54 55 50 24 0 24 25 43 58 49 48 45 37 55 54 57 46 45 32 57 23 37 43 32 56 30 68 23 27 39 16 36 66 29 38 17 37 47 18 42
26 29 37 51 24 0 61 39 42 39 24 43 43 37 54 20 35 54 12 63 27 43 34 45 57 36 31 30 37 54 46 60 33 37 55 54 52 55 55 31
40 55 41 60 25 61 0 61 51 40 39 39 32 46 33 15 29 34 33 55 47 51 31 49 20 34 47 55 21 43 58 26 39 49 33 50 30 50 47 49
33 34 42 21 43 39 61 0 34 48 37 21 21 27 67 32 42 43 40 54 38 20 47 17 32 14 36 14 49 41 30 38 40 61 58 34 34 42 61 30
44 37 38 33 58 42 51 34 0 20 47 16 60 43 26 66 32 23 29 49 45 52 51 57 29 43 51 61 47 34 36 53 63 40 41 43 45 44 41 61
54 18 33 18 49 39 40 48 20 0 37 52 13 53 69 31 56 15 61 29 50 30 68 44 51 25 37 36 12 58 57 18 47 47 43 23 38 53 36 52
50 52 40 35 48 24 39 37 47 37 0 48 22 53 53 39 38 31 57 61 24 18 42 47 67 42 31 34 24 44 41 33 22 48 53 59 44 36 61 46
29 22 49 20 45 43 39 21 16 52 48 0 39 44 57 33 52 25 44 23 14 52 42 57 44 39 38 17 48 65 38 37 43 39 54 53 68 28 37 28
27 53 39 43 37 43 32 21 60 13 22 39 0 15 40 25 30 36 42 14 48 34 49 32 34 39 40 37 42 51 30 44 38 34 47 42 23 38 55 37
21 51 59 59 55 37 46 27 43 53 53 44 15 0 60 62 40 46 49 33 43 44 59 35 27 37 24 30 39 67 30 28 29 47 42 24 38 32 11 58
52 40 28 38 54 54 33 67 26 69 53 57 40 60 0 44 16 36 47 28 58 45 29 30 28 55 64 62 20 54 30 35 54 52 28 33 33 48 29 29
14 25 46 54 57 20 15 32 66 31 39 33 25 62 44 0 43 40 34 16 42 64 54 17 41 52 47 42 55 60 40 49 51 28 45 27 38 52 47 27
34 35 26 51 46 35 29 42 32 56 38 52 30 40 16 43 0 26 37 32 53 34 25 51 57 31 27 61 29 31 47 54 41 18 45 40 54 22 27 44
55 14 30 48 45 54 34 43 23 15 31 25 36 46 36 40 26 0 37 45 50 25 45 47 21 13 16 43 54 44 15 49 55 36 24 66 38 38 63 42
51 28 39 24 32 12 33 40 29 61 57 44 42 49 47 34 37 37 0 48 48 42 58 44 51 32 48 43 38 24 46 45 35 38 50 42 31 35 59 32
25 47 41 51 57 63 55 54 49 29 61 23 14 33 28 16 32 45 48 0 48 33 62 38 39 27 24 25 34 30 36 33 30 21 44 40 35 27 19 32
22 57 42 52 23 27 47 38 45 50 24 14 48 43 58 42 53 50 48 48 0 43 37 32 54 36 31 35 37 38 17 38 41 48 46 42 56 36 41 33
63 34 45 41 37 43 51 20 52 30 18 52 34 44 45 64 34 25 42 33 43 0 33 42 50 32 42 34 52 63 37 17 36 21 50 23 54 23 50 26
35 29 45 32 43 34 31 47 51 68 42 42 49 59 29 54 25 45 58 62 37 33 0 44 61 34 17 37 63 61 63 32 42 47 42 43 45 31 44 23
46 45 51 32 32 45 49 17 57 44 47 57 32 35 30 17 51 47 44 38 32 42 44 0 49 39 41 46 46 51 69 37 32 35 25 47 30 56 21 33
35 33 35 48 56 57 20 32 29 51 67 44 34 27 28 41 57 21 51 39 54 50 61 49 0 25 67 52 49 18 33 25 20 15 16 65 59 41 36 60
48 32 24 57 30 36 34 14 43 25 42 39 39 37 55 52 31 13 32 27 36 32 34 39 25 0 55 38 54 33 17 32 68 54 28 35 47 62 52 37
33 21 39 39 68 31 47 36 51 37 31 38 40 24 64 47 27 16 48 24 31 42 17 41 67 55 0 38 24 42 54 19 47 50 34 54 63 22 51 42
26 34 30 30 23 30 55 14 61 36 34 17 37 30 62 42 61 43 43 25 35 34 37 46 52 38 38 0 34 34 27 42 44 29 64 14 37 41 32 38
42 51 21 48 27 37 21 49 47 12 24 48 42 39 20 55 29 54 38 34 37 52 63 46 49 54 24 34 0 48 66 38 49 62 40 29 46 40 42 13
46 35 35 35 39 54 43 41 34 58 44 65 51 67 54 60 31 44 24 30 38 63 61 51 18 33 42 34 48 0 40 40 40 46 66 47 34 39 45 58
48 28 37 23 16 46 58 30 36 57 41 38 30 30 30 40 47 15 46 36 17 37 63 69 33 17 54 27 66 40 0 39 61 28 51 52 57 51 25 36
56 42 39 52 36 60 26 38 53 18 33 37 44 28 35 49 54 49 45 33 38 17 32 37 25 32 19 42 38 40 39 0 50 12 25 43 51 42 36 44
31 14 32 38 66 33 39 40 63 47 22 43 38 29 54 51 41 55 35 30 41 36 42 32 20 68 47 44 49 40 61 50 0 29 52 48 34 38 39 31
23 61 45 37 29 37 49 61 40 47 48 39 34 47 52 28 18 36 38 21 48 21 47 35 15 54 50 29 62 46 28 12 29 0 32 41 59 60 51 30
59 11 34 56 38 55 33 58 41 43 53 54 47 42 28 45 45 24 50 44 46 50 42 25 16 28 34 64 40 66 51 25 52 32 0 35 42 34 13 62
50 41 68 53 17 54 50 34 43 23 59 53 42 24 33 27 40 66 42 40 42 23 43 47 65 35 54 14 29 47 52 43 48 41 35 0 66 36 38 34
48 42 41 44 37 52 30 34 45 38 44 68 23 38 33 38 54 38 31 35 56 54 45 30 59 47 63 37 46 34 57 51 34 59 42 66 0 26 63 41
59 55 34 62 47 55 50 42 44 53 36 28 38 32 48 52 22 38 35 27 36 23 31 56 41 62 22 41 40 39 51 42 38 60 34 36 26 0 43 25
40 48 40 56 18 55 47 61 41 36 61 37 55 11 29 47 27 63 59 19 41 50 44 21 36 52 51 32 42 45 25 36 39 51 13 38 63 43 0 40
17 40 61 59 42 31 49 30 61 52 46 28 37 58 29 27 44 42 32 32 33 26 23 33 60 37 42 38 13 58 36 44 31 30 62 34 41 25 40 0
