0 41 18 21 33 20 30 23 47 45 16 27 26 16 12 28 8 27 17 31 18 21 34 16 21 23 35 18 45 19 14 26 17 34 34 29 13 32 26 9
41 0 11 22 37 12 27 41 36 29 18 41 7 31 40 21 24 17 24 21 14 27 41 23 38 32 32 32 29 39 25 27 3 9 28 21 24 25 19 30
18 11 0 7 23 24 19 47 27 19 28 42 22 30 18 17 30 16 40 13 34 45 16 15 22 30 25 29 34 28 25 39 22 25 22 24 25 26 46 26
21 22 7 0 17 44 36 10 16 28 38 20 35 30 36 21 25 27 34 30 32 7 37 36 22 25 25 45 27 22 38 19 32 32 32 27 24 27 3 31
33 37 23 17 0 2 39 36 13 30 19 36 33 35 36 48 27 6 27 12 36 29 12 22 44 23 15 23 38 10 21 19 6 5 26 33 21 32 44 2
20 12 24 44 2 0 24 13 29 25 18 27 15 16 27 25 26 20 12 17 17 4 34 41 39 7 34 26 37 28 31 37 23 42 20 27 26 15 19 24
30 27 19 36 39 24 0 45 22 43 5 42 11 3 27 26 15 34 24 31 38 30 22 39 13 43 28 15 34 25 37 21 18 24 22 30 22 9 26 31
23 41 47 10 36 13 45 0 21 43 6 22 21 17 21 15 13 26 6 20 22 20 8 23 20 34 16 37 37 34 7 30 22 34 19 49 36 36 23 16
47 36 27 16 13 29 22 21 0 18 23 40 10 24 36 14 14 21 9 31 22 36 14 28 43 36 8 32 30 28 13 15 41 35 37 30 20 23 6 17
45 29 19 28 30 25 43 43 18 0 18 18 31 16 11 27 12 27 4 7 22 18 15 28 28 9 20 30 19 13 14 17 39 25 24 16 26 25 21 38
16 18 28 38 19 18 5 6 23 18 0 24 27 34 31 40 29 26 13 42 8 32 35 25 25 27 42 30 27 26 35 28 25 14 25 23 24 20 29 27
27 41 42 20 36 27 42 22 40 18 24 0 28 31 25 11 10 20 40 26 20 16 28 41 42 28 14 16 33 24 23 17 20 44 26 25 48 29 8 25
26 7 22 35 33 15 11 21 10 31 27 28 0 37 13 30 25 16 23 37 35 24 19 25 42 31 21 6 11 12 44 32 30 28 48 29 20 26 31 39
16 31 30 30 35 16 3 17 24 16 34 31 37 0 16 25 36 24 10 3 19 5 31 14 8 21 32 13 23 43 39 34 34 28 20 21 41 29 43 32
12 40 18 36 36 27 27 21 36 11 31 25 13 16 0 15 31 19 28 23 32 16 11 18 41 27 27 19 16 22 23 39 7 35 32 21 16 16 16 29
28 21 17 21 48 25 26 15 14 27 40 11 30 25 15 0 30 24 25 16 26 27 25 25 37 45 31 25 34 22 14 23 27 22 32 16 36 33 18 23
8 24 30 25 27 26 15 13 14 12 29 10 25 36 31 30 0 33 29 18 22 19 25 7 26 21 39 29 17 13 36 34 30 23 6 21 24 36 37 26
27 17 16 27 6 20 34 26 21 27 26 20 16 24 19 24 33 0 12 43 15 17 14 16 9 20 29 22 12 20 15 11 46 14 24 33 48 29 13 6
17 24 40 34 27 12 24 6 9 4 13 40 23 10 28 25 29 12 0 15 32 13 36 30 33 27 15 14 15 25 33 17 21 7 41 38 27 41 39 45
31 21 13 30 12 17 31 20 31 7 42 26 37 3 23 16 18 43 15 0 21 36 10 26 21 16 16 14 17 12 35 37 26 11 11 17 23 26 40 33
18 14 34 32 36 17 38 22 22 22 8 20 35 19 32 26 22 15 32 21 0 17 25 23 20 27 34 38 38 28 23 29 23 14 13 33 35 16 36 45
21 27 45 7 29 4 30 20 36 18 32 16 24 5 16 27 19 17 13 36 17 0 36 23 31 42 17 30 22 14 31 18 22 26 34 29 16 39 33 7
34 41 16 37 12 34 22 8 14 15 35 28 19 31 11 25 25 14 36 10 25 36 0 42 30 34 6 43 26 34 31 39 40 38 36 19 41 19 13 11
16 23 15 36 22 41 39 23 28 28 25 41 25 14 18 25 7 16 30 26 23 23 42 0 22 20 29 40 6 47 12 24 38 28 8 19 34 17 43 5
21 38 22 22 44 39 13 20 43 28 25 42 42 8 41 37 26 9 33 21 20 31 30 22 0 41 47 30 27 32 35 34 34 27 38 10 13 43 49 17
23 32 30 25 23 7 43 34 36 9 27 28 31 21 27 45 21 20 27 16 27 42 34 20 41 0 21 13 23 27 28 42 37 48 7 23 29 24 21 32
35 32 25 25 15 34 28 16 8 20 42 14 21 32 27 31 39 29 15 16 34 17 6 29 47 21 0 6 20 9 22 39 22 47 28 15 35 26 10 20
18 32 29 45 23 26 15 37 32 30 30 16 6 13 19 25 29 22 14 14 38 30 43 40 30 13 6 0 12 40 37 31 32 20 35 41 15 29 27 23
45 29 34 27 38 37 34 37 30 19 27 33 11 23 16 34 17 12 15 17 38 22 26 6 27 23 20 12 0 9 11 21 24 26 29 10 32 28 39 38
19 39 28 22 10 28 25 34 28 13 26 24 12 43 22 22 13 20 25 12 28 14 34 47 32 27 9 40 9 0 24 33 18 44 19 26 14 26 12 29
14 25 25 38 21 31 37 7 13 14 35 23 44 39 23 14 36 15 33 35 23 31 31 12 35 28 22 37 11 24 0 23 41 31 23 32 17 4 27 26
26 27 39 19 19 37 21 30 15 17 28 17 32 34 39 23 34 11 17 37 29 18 39 24 34 42 39 31 21 33 23 0 17 8 39 27 16 34 26 24
17 3 22 32 6 23 18 22 41 39 25 20 30 34 7 27 30 46 21 26 23 22 40 38 34 37 22 32 24 18 41 17 0 16 8 30 41 34 28 23
34 9 25 32 5 42 24 34 35 25 14 44 28 28 35 22 23 14 7 11 14 26 38 28 27 48 47 20 26 44 31 8 16 0 26 34 28 31 34 27
34 28 22 32 26 20 22 19 37 24 25 26 48 20 32 32 6 24 41 11 13 34 36 8 38 7 28 35 29 19 23 39 8 26 0 10 41 24 43 18
29 21 24 27 33 27 30 49 30 16 23 25 29 21 21 16 21 33 38 17 33 29 19 19 10 23 15 41 10 26 32 27 30 34 10 0 25 32 30 20
13 24 25 24 21 26 22 36 20 26 24 48 20 41 16 36 24 48 27 23 35 16 41 34 13 29 35 15 32 14 17 16 41 28 41 25 0 6 34 21
32 25 26 27 32 15 9 36 23 25 20 29 26 29 16 33 36 29 41 26 16 39 19 17 43 24 26 29 28 26 4 34 34 31 24 32 6 0 13 48
26 19 46 3 44 19 26 23 6 21 29 8 31 43 16 18 37 13 39 40 36 33 13 43 49 21 10 27 39 12 27 26 28 34 43 30 34 13 0 14
9 30 26 31 2 24 31 16 17 38 27 25 39 32 29 23 26 6 45 33 45 7 11 5 17 32 20 23 38 29 26 24 23 27 18 20 21 48 14 0
