0 135 118 143 52 143 161 141 135 73 109 99 120 94 127 163 68 126 71 182 113 102 75 105 45 174 44 94 121 66 137 125 144 77 70 150 156 141 146 184 156 140 124 153 112 147 124 125 74 83 161 127 125 99 155 118 122 77 125 145
135 0 102 110 96 120 98 75 148 99 124 119 146 107 187 190 184 101 128 152 109 126 132 102 61 77 117 120 61 157 184 115 100 175 65 159 125 167 120 123 137 145 74 104 104 143 174 113 41 125 127 159 128 69 181 71 107 142 147 114
118 102 0 128 113 119 126 114 42 179 60 141 150 108 170 118 119 93 131 182 178 174 144 128 167 148 124 94 98 133 150 157 57 104 164 117 152 69 105 89 48 122 67 141 62 77 97 155 84 136 74 113 75 63 53 97 132 123 170 155
143 110 128 0 174 110 51 84 75 56 126 44 120 115 140 121 109 150 95 139 68 103 125 141 115 71 53 108 64 145 119 175 58 99 146 124 102 144 157 130 144 74 94 111 128 113 96 45 118 126 117 82 113 81 128 136 103 137 121 86
52 96 113 174 0 175 68 124 144 76 166 132 83 63 85 51 103 94 173 66 143 96 43 72 101 112 159 105 79 134 101 170 194 82 69 73 123 162 93 77 82 113 118 89 134 84 136 180 100 115 145 89 168 117 132 105 133 92 125 87
143 120 119 110 175 0 178 112 169 71 143 82 183 116 123 87 144 108 106 59 137 120 190 57 118 83 106 128 98 170 111 68 147 107 116 150 137 143 98 165 89 120 157 77 133 174 78 81 136 85 76 150 98 188 164 152 127 130 91 170
161 98 126 51 68 178 0 63 115 123 120 80 84 59 159 123 135 94 40 98 112 104 136 131 55 73 105 119 135 133 94 61 145 148 77 109 118 120 102 77 122 111 154 130 127 114 164 162 106 153 89 73 142 87 121 130 109 116 50 130
141 75 114 84 124 112 63 0 50 120 169 186 110 43 115 118 153 124 143 114 78 104 55 130 60 85 188 85 118 118 84 76 130 103 134 150 55 114 173 64 145 169 171 133 117 137 56 138 48 58 119 121 92 97 86 78 48 106 161 70
135 148 42 75 144 169 115 50 0 96 74 95 128 145 78 89 122 74 88 130 141 93 120 80 115 95 56 49 85 114 111 113 131 91 116 149 38 147 59 100 93 105 86 99 169 82 86 122 64 114 115 97 121 133 147 113 135 129 154 179
73 99 179 56 76 71 123 120 96 0 47 101 31 99 92 61 120 70 138 182 108 124 154 126 142 120 108 92 90 179 109 98 155 160 126 140 112 183 148 138 148 106 82 64 120 128 160 148 112 77 116 138 96 117 117 114 85 177 112 114
109 124 60 126 166 143 120 169 74 47 0 91 81 84 154 94 83 164 113 156 176 145 56 92 158 59 107 117 111 100 118 123 108 53 120 80 135 130 119 152 70 74 111 118 108 63 129 138 88 132 92 85 124 168 160 107 82 111 86 92
99 119 141 44 132 82 80 186 95 101 91 0 113 97 101 160 166 121 51 97 162 83 146 92 64 108 139 133 146 84 125 140 194 91 105 120 57 133 64 62 94 139 80 112 77 62 111 67 160 116 123 77 139 140 95 89 90 138 136 139
120 146 150 120 83 183 84 110 128 31 81 113 0 132 73 57 93 153 108 60 115 104 119 157 134 127 143 159 148 123 139 148 75 128 56 71 59 153 108 77 100 83 120 93 159 142 167 133 143 150 147 48 155 123 112 72 139 102 144 94
94 107 108 115 63 116 59 43 145 99 84 97 132 0 94 115 150 140 139 100 143 142 96 119 154 123 107 129 119 159 90 142 142 153 98 125 182 122 104 111 106 133 83 113 151 123 71 126 160 160 79 79 148 100 126 115 121 106 99 183
127 187 170 140 85 123 159 115 78 92 154 101 73 94 0 55 107 59 82 99 121 194 60 111 84 112 52 76 139 76 63 84 141 124 77 50 125 82 153 105 56 116 146 59 93 142 153 119 110 83 141 73 78 104 113 161 151 124 122 75
163 190 118 121 51 87 123 118 89 61 94 160 57 115 55 0 167 112 136 140 83 94 95 130 52 135 48 163 81 61 136 140 113 161 119 69 173 108 122 71 151 177 44 147 164 129 97 171 84 37 121 145 78 105 135 114 93 97 163 79
68 184 119 109 103 144 135 153 122 120 83 166 93 150 107 167 0 44 101 151 145 98 184 149 102 113 120 133 96 122 106 65 130 123 120 125 102 134 139 117 101 85 103 53 146 92 165 102 156 127 145 87 62 47 85 172 130 48 137 106
126 101 93 150 94 108 94 124 74 70 164 121 153 140 59 112 44 0 139 175 168 91 108 130 77 138 159 139 55 171 79 120 123 95 83 99 116 147 116 144 102 95 60 125 114 124 147 149 145 120 155 62 169 92 131 115 131 187 120 120
71 128 131 95 173 106 40 143 88 138 113 51 108 139 82 136 101 139 0 68 76 40 131 160 127 72 177 49 99 45 137 112 97 118 143 135 155 121 121 171 117 111 83 135 170 132 130 96 153 159 129 178 71 157 87 108 160 57 62 108
182 152 182 139 66 59 98 114 130 182 156 97 60 100 99 140 151 175 68 0 146 123 156 169 91 131 129 120 103 95 130 56 43 109 97 172 99 46 144 105 87 128 58 119 135 90 119 176 54 122 103 111 88 103 121 58 108 163 151 151
113 109 178 68 143 137 112 78 141 108 176 162 115 143 121 83 145 168 76 146 0 64 51 66 109 129 144 72 131 123 145 139 90 54 173 119 105 91 152 63 115 141 63 90 122 140 157 106 131 145 125 90 80 108 113 109 130 100 92 132
102 126 174 103 96 120 104 104 93 124 145 83 104 142 194 94 98 91 40 123 64 0 95 183 170 115 166 75 105 106 151 91 154 112 119 96 137 142 95 141 92 94 88 57 127 95 105 116 94 169 88 73 125 44 151 62 166 140 184 187
75 132 144 125 43 190 136 55 120 154 56 146 119 96 60 95 184 108 131 156 51 95 0 145 126 92 152 68 111 129 146 109 132 150 108 59 158 130 72 167 135 117 108 153 160 135 85 161 49 144 77 55 118 113 115 34 187 103 83 154
105 102 128 141 72 57 131 130 80 126 92 92 157 119 111 130 149 130 160 169 66 183 145 0 85 128 121 114 86 170 113 138 114 52 116 182 59 136 178 67 67 144 128 107 78 136 112 72 61 136 118 140 95 172 58 152 102 92 96 56
45 61 167 115 101 118 55 60 115 142 158 64 134 154 84 52 102 77 127 91 109 170 126 85 0 109 39 137 137 172 123 97 81 127 42 97 120 146 41 112 123 66 131 110 62 129 159 156 103 86 120 71 93 106 88 104 68 168 122 85
174 77 148 71 112 83 73 85 95 120 59 108 127 123 112 135 113 138 72 131 129 115 92 128 109 0 58 101 136 161 128 125 126 79 77 127 163 117 139 52 104 91 47 188 187 107 111 92 123 53 97 90 145 107 89 51 79 145 100 140
44 117 124 53 159 106 105 188 56 108 107 139 143 107 52 48 120 159 177 129 144 166 152 121 39 58 0 81 173 112 80 152 96 181 82 105 125 83 86 120 115 88 54 91 112 105 83 51 106 125 116 161 92 138 71 179 143 46 105 140
94 120 94 108 105 128 119 85 49 92 117 133 159 129 76 163 133 139 49 120 72 75 68 114 137 101 81 0 112 146 153 123 168 141 98 82 109 110 149 164 139 167 149 135 64 56 88 169 188 97 102 161 73 129 147 107 57 133 103 117
121 61 98 64 79 98 135 118 85 90 111 146 148 119 139 81 96 55 99 103 131 105 111 86 137 136 173 112 0 67 132 109 66 178 65 113 161 115 87 143 187 125 109 175 51 172 138 167 175 91 160 90 101 100 156 73 174 78 136 133
66 157 133 145 134 170 133 118 114 179 100 84 123 159 76 61 122 171 45 95 123 106 129 170 172 161 112 146 67 0 96 96 116 120 153 153 164 107 177 178 135 49 121 116 61 79 125 83 121 152 144 153 56 120 47 120 132 78 74 194
137 184 150 119 101 111 94 84 111 109 118 125 139 90 63 136 106 79 137 130 145 151 146 113 123 128 80 153 132 96 0 66 177 158 73 150 107 140 88 127 110 106 152 107 74 91 120 176 140 95 125 103 95 83 54 138 91 147 129 49
125 115 157 175 170 68 61 76 113 98 123 140 148 142 84 140 65 120 112 56 139 91 109 138 97 125 152 123 109 96 66 0 173 91 108 157 116 51 108 103 76 115 77 129 72 111 118 118 174 163 90 103 85 113 114 142 71 75 132 88
144 100 57 58 194 147 145 130 131 155 108 194 75 142 141 113 130 123 97 43 90 154 132 114 81 126 96 168 66 116 177 173 0 100 162 120 123 143 66 113 105 165 64 109 137 152 172 132 156 119 146 154 146 116 108 187 180 157 72 83
77 175 104 99 82 107 148 103 91 160 53 91 128 153 124 161 123 95 118 109 54 112 150 52 127 79 181 141 178 120 158 91 100 0 51 113 51 184 64 149 119 139 51 133 91 127 97 145 122 112 116 104 124 92 123 107 145 61 113 131
70 65 164 146 69 116 77 134 116 126 120 105 56 98 77 119 120 83 143 97 173 119 108 116 42 77 82 98 65 153 73 108 162 51 0 65 168 47 98 140 157 98 72 130 77 100 129 129 84 97 122 132 170 173 85 122 110 117 143 114
150 159 117 124 73 150 109 150 149 140 80 120 71 125 50 69 125 99 135 172 119 96 59 182 97 127 105 82 113 153 150 157 120 113 65 0 154 166 65 157 85 115 62 64 85 73 88 197 79 98 107 111 118 141 60 70 114 88 82 102
156 125 152 102 123 137 118 55 38 112 135 57 59 182 125 173 102 116 155 99 105 137 158 59 120 163 125 109 161 164 107 116 123 51 168 154 0 79 107 34 70 108 71 122 150 153 86 101 189 158 63 159 56 42 99 188 86 104 151 73
141 167 69 144 162 143 120 114 147 183 130 133 153 122 82 108 134 147 121 46 91 142 130 136 146 117 83 110 115 107 140 51 143 184 47 166 79 0 64 130 132 115 100 137 119 75 117 130 120 44 159 111 192 181 105 132 74 160 144 126
146 120 105 157 93 98 102 173 59 148 119 64 108 104 153 122 139 116 121 144 152 95 72 178 41 139 86 149 87 177 88 108 66 64 98 65 107 64 0 78 119 133 104 78 120 55 121 136 50 159 91 133 133 42 95 116 100 116 110 77
184 123 89 130 77 165 77 64 100 138 152 62 77 111 105 71 117 144 171 105 63 141 167 67 112 52 120 164 143 178 127 103 113 149 140 157 34 130 78 0 179 80 61 178 152 69 80 150 156 140 110 43 112 135 103 104 73 134 47 82
156 137 48 144 82 89 122 145 93 148 70 94 100 106 56 151 101 102 117 87 115 92 135 67 123 104 115 139 187 135 110 76 105 119 157 85 70 132 119 179 0 64 105 130 123 69 68 103 80 166 87 134 101 156 106 124 82 96 60 150
140 145 122 74 113 120 111 169 105 106 74 139 83 133 116 177 85 95 111 128 141 94 117 144 66 91 88 167 125 49 106 115 165 139 98 115 108 115 133 80 64 0 70 161 140 126 100 127 120 144 107 115 142 127 152 177 115 106 139 119
124 74 67 94 118 157 154 171 86 82 111 80 120 83 146 44 103 60 83 58 63 88 108 128 131 47 54 149 109 121 152 77 64 51 72 62 71 100 104 61 105 70 0 98 148 87 112 134 55 99 108 93 102 61 89 149 96 64 98 118
153 104 141 111 89 77 130 133 99 64 118 112 93 113 59 147 53 125 135 119 90 57 153 107 110 188 91 135 175 116 107 129 109 133 130 64 122 137 78 178 130 161 98 0 150 84 92 84 183 149 44 118 97 165 120 147 55 159 126 99
112 104 62 128 134 133 127 117 169 120 108 77 159 151 93 164 146 114 170 135 122 127 160 78 62 187 112 64 51 61 74 72 137 91 77 85 150 119 120 152 123 140 148 150 0 102 106 59 109 96 58 127 110 159 148 92 53 169 135 125
147 143 77 113 84 174 114 137 82 128 63 62 142 123 142 129 92 124 132 90 140 95 135 136 129 107 105 56 172 79 91 111 152 127 100 73 153 75 55 69 69 126 87 84 102 0 114 169 129 100 119 98 135 114 194 127 112 103 86 113
124 174 97 96 136 78 164 56 86 160 129 111 167 71 153 97 165 147 130 119 157 105 85 112 159 111 83 88 138 125 120 118 172 97 129 88 86 117 121 80 68 100 112 92 106 114 0 96 101 130 165 138 149 144 41 121 108 114 83 99
125 113 155 45 180 81 162 138 122 148 138 67 133 126 119 171 102 149 96 176 106 116 161 72 156 92 51 169 167 83 176 118 132 145 129 197 101 130 136 150 103 127 134 84 59 169 96 0 89 93 94 147 94 88 121 125 134 167 98 114
74 41 84 118 100 136 106 48 64 112 88 160 143 160 110 84 156 145 153 54 131 94 49 61 103 123 106 188 175 121 140 174 156 122 84 79 189 120 50 156 80 120 55 183 109 129 101 89 0 155 130 132 106 114 113 167 85 69 96 121
83 125 136 126 115 85 153 58 114 77 132 116 150 160 83 37 127 120 159 122 145 169 144 136 86 53 125 97 91 152 95 163 119 112 97 98 158 44 159 140 166 144 99 149 96 100 130 93 155 0 127 195 118 101 116 151 123 64 147 141
161 127 74 117 145 76 89 119 115 116 92 123 147 79 141 121 145 155 129 103 125 88 77 118 120 97 116 102 160 144 125 90 146 116 122 107 63 159 91 110 87 107 108 44 58 119 165 94 130 127 0 33 131 167 83 164 33 129 65 110
127 159 113 82 89 150 73 121 97 138 85 77 48 79 73 145 87 62 178 111 90 73 55 140 71 90 161 161 90 153 103 103 154 104 132 111 159 111 133 43 134 115 93 118 127 98 138 147 132 195 33 0 83 139 95 161 54 119 140 89
125 128 75 113 168 98 142 92 121 96 124 139 155 148 78 78 62 169 71 88 80 125 118 95 93 145 92 73 101 56 95 85 146 124 170 118 56 192 133 112 101 142 102 97 110 135 149 94 106 118 131 83 0 53 118 166 128 133 108 131
99 69 63 81 117 188 87 97 133 117 168 140 123 100 104 105 47 92 157 103 108 44 113 172 106 107 138 129 100 120 83 113 116 92 173 141 42 181 42 135 156 127 61 165 159 114 144 88 114 101 167 139 53 0 100 173 132 140 176 133
155 181 53 128 132 164 121 86 147 117 160 95 112 126 113 135 85 131 87 121 113 151 115 58 88 89 71 147 156 47 54 114 108 123 85 60 99 105 95 103 106 152 89 120 148 194 41 121 113 116 83 95 118 100 0 58 66 46 56 151
118 71 97 136 105 152 130 78 113 114 107 89 72 115 161 114 172 115 108 58 109 62 34 152 104 51 179 107 73 120 138 142 187 107 122 70 188 132 116 104 124 177 149 147 92 127 121 125 167 151 164 161 166 173 58 0 103 174 149 76
122 107 132 103 133 127 109 48 135 85 82 90 139 121 151 93 130 131 160 108 130 166 187 102 68 79 143 57 174 132 91 71 180 145 110 114 86 74 100 73 82 115 96 55 53 112 108 134 85 123 33 54 128 132 66 103 0 81 127 123
77 142 123 137 92 130 116 106 129 177 111 138 102 106 124 97 48 187 57 163 100 140 103 92 168 145 46 133 78 78 147 75 157 61 117 88 104 160 116 134 96 106 64 159 169 103 114 167 69 64 129 119 133 140 46 174 81 0 141 67
125 147 170 121 125 91 50 161 154 112 86 136 144 99 122 163 137 120 62 151 92 184 83 96 122 100 105 103 136 74 129 132 72 113 143 82 151 144 110 47 60 139 98 126 135 86 83 98 96 147 65 140 108 176 56 149 127 141 0 107
145 114 155 86 87 170 130 70 179 114 92 139 94 183 75 79 106 120 108 151 132 187 154 56 85 140 140 117 133 194 49 88 83 131 114 102 73 126 77 82 150 119 118 99 125 113 99 114 121 141 110 89 131 133 151 76 123 67 107 0
