0 68 60 50 47 75 83 54 79 49 28 32 36 55 48 74 48 61 64 54 54 78 87 61 72 84 75 59 31 56 76 67 61 68 82 34 72 51 73 67 83 56 65 67 64 82 82 60 76 68 44 81 74 73 73 64 80 66 40 44
68 0 57 77 80 46 78 81 64 52 66 80 77 49 79 59 48 57 64 60 38 70 47 37 75 92 56 50 63 82 52 94 85 73 73 47 72 53 39 64 73 64 56 87 73 68 63 83 77 75 54 46 58 90 66 67 53 68 70 73
60 57 0 43 42 56 55 63 45 75 64 71 61 54 71 58 60 82 42 73 65 95 51 41 58 52 54 48 57 54 71 80 56 57 65 49 70 35 70 70 37 77 69 52 61 50 80 73 73 55 74 91 75 61 60 57 61 91 60 54
50 77 43 0 88 47 59 61 81 32 46 77 69 85 57 76 59 75 38 62 40 51 80 76 55 63 88 64 88 69 78 65 78 58 83 73 79 50 71 69 59 49 57 71 72 27 84 56 74 89 56 67 48 73 83 45 78 77 31 44
47 80 42 88 0 60 37 61 44 67 49 53 64 74 81 33 79 45 74 87 60 51 82 73 69 85 79 50 50 45 50 58 67 73 41 40 68 46 40 49 60 56 65 38 63 42 64 70 64 70 60 82 63 61 57 46 72 69 65 61
75 46 56 47 60 0 43 43 60 68 68 66 75 96 51 41 42 58 86 53 98 90 56 77 64 75 60 67 62 80 70 53 41 69 43 46 75 75 63 52 38 98 77 88 29 55 44 47 79 89 72 55 66 85 80 58 67 79 74 60
83 78 55 59 37 43 0 64 60 75 91 31 73 64 70 86 44 94 48 48 36 43 70 79 60 71 61 85 80 58 36 60 64 82 45 38 62 82 77 71 50 53 35 40 51 67 53 79 68 42 51 68 44 61 64 49 62 64 81 44
54 81 63 61 61 43 64 0 63 91 48 63 76 49 94 63 88 61 44 51 73 75 71 49 65 38 94 70 74 58 68 36 87 75 69 89 54 45 54 31 78 77 80 65 49 76 53 75 62 65 78 44 86 76 69 67 52 67 61 44
79 64 45 81 44 60 60 63 0 46 69 83 52 80 63 53 75 66 91 70 54 86 43 57 79 88 91 58 81 58 69 41 92 69 37 53 51 59 49 50 83 92 53 53 49 57 84 63 69 71 86 74 45 70 91 74 46 55 66 46
49 52 75 32 67 68 75 91 46 0 70 49 62 74 48 69 88 81 67 48 74 56 50 42 75 88 54 73 85 43 61 45 66 62 44 73 59 91 50 28 45 62 57 69 63 74 38 80 94 91 48 61 50 61 44 47 83 46 72 56
28 66 64 46 49 68 91 48 69 70 0 75 59 94 56 57 29 81 63 54 37 54 28 56 71 57 94 79 72 70 76 40 76 82 68 73 72 75 86 72 41 66 45 80 62 50 38 67 69 40 53 61 65 44 57 57 66 75 72 55
32 80 71 77 53 66 31 63 83 49 75 0 56 47 38 70 37 53 67 61 58 59 58 58 70 56 37 73 59 56 83 65 72 84 45 69 77 71 50 81 53 54 85 60 61 63 81 70 73 90 63 40 69 77 68 80 66 86 33 60
36 77 61 69 64 75 73 76 52 62 59 56 0 38 43 76 71 71 71 61 81 69 71 86 57 63 54 55 55 37 41 83 57 46 84 43 51 65 51 59 69 29 84 57 70 43 70 95 48 64 73 70 86 87 81 65 43 53 30 70
55 49 54 85 74 96 64 49 80 74 94 47 38 0 48 64 60 61 65 57 47 40 70 67 58 74 73 67 59 74 57 61 67 53 96 68 35 60 49 67 90 71 57 80 83 98 33 52 47 70 59 64 86 60 40 53 68 93 73 65
48 79 71 57 81 51 70 94 63 48 56 38 43 48 0 60 54 65 35 63 42 82 51 43 79 36 74 62 53 63 55 80 59 61 37 31 77 37 37 62 50 74 70 66 67 28 62 58 54 67 44 63 33 54 62 84 79 56 54 89
74 59 58 76 33 41 86 63 53 69 57 70 76 64 60 0 82 43 31 48 60 38 57 61 65 64 67 43 78 63 30 79 59 81 58 46 84 46 82 46 70 52 43 38 72 68 65 48 50 43 45 86 76 44 54 59 69 63 56 67
48 48 60 59 79 42 44 88 75 88 29 37 71 60 54 82 0 59 50 77 64 64 96 70 84 58 68 69 97 96 83 76 63 78 71 72 34 78 84 43 58 51 39 78 53 41 76 60 70 33 42 70 42 77 37 87 74 52 56 58
61 57 82 75 45 58 94 61 66 81 81 53 71 61 65 43 59 0 94 53 58 57 94 33 39 61 54 79 81 69 44 64 86 66 55 33 62 44 68 56 97 71 93 53 28 65 47 29 59 36 40 81 49 50 75 50 65 57 61 60
64 64 42 38 74 86 48 44 91 67 63 67 71 65 35 31 50 94 0 60 65 78 71 81 87 52 74 74 67 38 94 85 51 64 74 79 28 75 51 53 54 66 78 53 50 36 51 60 55 54 67 74 78 76 34 85 59 55 60 78
54 60 73 62 87 53 48 51 70 48 54 61 61 57 63 48 77 53 60 0 52 51 61 55 75 66 50 59 80 66 42 64 84 73 81 57 60 68 59 79 92 70 73 91 60 62 47 57 64 63 57 60 86 88 66 56 46 60 48 84
54 38 65 40 60 98 36 73 54 74 37 58 81 47 42 60 64 58 65 52 0 66 61 63 72 56 66 73 86 84 54 44 70 46 86 48 63 78 90 88 57 58 79 46 77 33 55 72 35 65 65 92 88 49 73 31 51 52 90 85
78 70 95 51 51 90 43 75 86 56 54 59 69 40 82 38 64 57 78 51 66 0 63 64 80 53 59 75 57 69 54 84 76 40 86 80 54 80 74 66 47 62 47 59 83 41 84 85 79 44 34 50 68 54 92 76 76 71 84 69
87 47 51 80 82 56 70 71 43 50 28 58 71 70 51 57 96 94 71 61 61 63 0 66 59 67 60 85 73 81 39 50 70 58 54 88 48 60 81 55 68 48 60 79 59 63 60 79 45 65 70 58 78 71 92 78 58 75 34 83
61 37 41 76 73 77 79 49 57 42 56 58 86 67 43 61 70 33 81 55 63 64 66 0 75 64 62 67 67 61 59 45 46 69 91 92 65 70 34 87 49 63 67 55 58 85 63 54 54 79 44 40 82 75 85 45 79 66 61 56
72 75 58 55 69 64 60 65 79 75 71 70 57 58 79 65 84 39 87 75 72 80 59 75 0 82 69 57 67 42 47 81 56 82 81 50 48 76 65 48 86 51 77 72 46 63 49 96 94 53 43 56 76 52 64 79 71 67 58 28
84 92 52 63 85 75 71 38 88 88 57 56 63 74 36 64 58 61 52 66 56 53 67 64 82 0 58 66 82 79 57 46 65 71 27 88 51 46 62 38 45 37 84 78 65 83 60 55 53 84 52 71 83 65 58 76 30 49 66 52
75 56 54 88 79 60 61 94 91 54 94 37 54 73 74 67 68 54 74 50 66 59 60 62 69 58 0 53 53 47 51 66 60 67 74 61 48 34 71 47 53 61 61 45 70 88 72 46 67 83 69 75 75 37 76 62 30 66 94 60
59 50 48 64 50 67 85 70 58 73 79 73 55 67 62 43 69 79 74 59 73 75 85 67 57 66 53 0 62 56 79 40 50 65 78 73 64 58 60 40 75 70 39 46 84 64 62 43 29 64 47 49 65 48 62 45 52 65 49 53
31 63 57 88 50 62 80 74 81 85 72 59 55 59 53 78 97 81 67 80 86 57 73 67 67 82 53 62 0 65 38 65 66 58 41 31 36 44 66 66 61 66 74 62 78 51 66 76 57 61 43 41 76 69 66 49 57 61 79 36
56 82 54 69 45 80 58 58 58 43 70 56 37 74 63 63 96 69 38 66 84 69 81 61 42 79 47 56 65 0 54 38 65 60 42 86 59 55 70 55 84 93 64 68 55 72 67 66 96 81 59 56 61 77 44 82 53 58 69 37
76 52 71 78 50 70 36 68 69 61 76 83 41 57 55 30 83 44 94 42 54 54 39 59 47 57 51 79 38 54 0 40 46 63 49 41 53 41 68 58 68 44 58 63 63 63 69 65 70 74 51 85 29 28 61 51 66 88 51 54
67 94 80 65 58 53 60 36 41 45 40 65 83 61 80 79 76 64 85 64 44 84 50 45 81 46 66 40 65 38 40 0 87 84 59 52 46 62 68 57 78 47 95 62 69 96 69 49 57 42 41 59 63 70 48 34 55 79 68 44
61 85 56 78 67 41 64 87 92 66 76 72 57 67 59 59 63 86 51 84 70 76 70 46 56 65 60 50 66 65 46 87 0 46 71 65 66 71 57 93 59 32 55 72 65 68 60 44 64 82 60 53 78 56 64 59 49 60 73 66
68 73 57 58 73 69 82 75 69 62 82 84 46 53 61 81 78 66 64 73 46 40 58 69 82 71 67 65 58 60 63 84 46 0 72 59 27 61 67 86 70 60 44 41 100 87 43 58 90 30 49 54 44 46 68 84 65 64 67 83
82 73 65 83 41 43 45 69 37 44 68 45 84 96 37 58 71 55 74 81 86 86 54 91 81 27 74 78 41 42 49 59 71 72 0 49 44 60 64 46 38 90 64 61 70 68 62 70 77 69 58 83 72 65 83 60 42 52 77 62
34 47 49 73 40 46 38 89 53 73 73 69 43 68 31 46 72 33 79 57 48 80 88 92 50 88 61 73 31 86 41 52 65 59 49 0 70 46 60 63 72 82 61 84 54 58 72 65 41 35 44 74 58 75 82 90 68 49 85 51
72 72 70 79 68 75 62 54 51 59 72 77 51 35 77 84 34 62 28 60 63 54 48 65 48 51 48 64 36 59 53 46 66 27 44 70 0 80 96 98 73 64 30 56 81 81 92 82 64 43 95 73 70 58 62 86 78 54 29 87
51 53 35 50 46 75 82 45 59 91 75 71 65 60 37 46 78 44 75 68 78 80 60 70 76 46 34 58 44 55 41 62 71 61 60 46 80 0 39 59 68 38 82 63 76 66 72 66 61 58 80 67 80 91 72 46 34 49 73 73
73 39 70 71 40 63 77 54 49 50 86 50 51 49 37 82 84 68 51 59 90 74 81 34 65 62 71 60 66 70 68 68 57 67 64 60 96 39 0 68 43 52 73 65 88 83 45 42 62 67 69 62 46 29 66 52 71 83 82 77
67 64 70 69 49 52 71 31 50 28 72 81 59 67 62 46 43 56 53 79 88 66 55 87 48 38 47 40 66 55 58 57 93 86 46 63 98 59 68 0 86 54 94 34 45 59 52 51 74 63 57 76 64 56 54 39 54 92 62 71
83 73 37 59 60 38 50 78 83 45 41 53 69 90 50 70 58 97 54 92 57 47 68 49 86 45 53 75 61 84 68 78 59 70 38 72 73 68 43 86 0 61 39 81 73 91 50 68 60 58 70 54 34 80 68 34 53 87 53 68
56 64 77 49 56 98 53 77 92 62 66 54 29 71 74 52 51 71 66 70 58 62 48 63 51 37 61 70 66 93 44 47 32 60 90 82 64 38 52 54 61 0 73 28 69 50 52 77 51 85 75 74 44 46 56 76 53 58 42 60
65 56 69 57 65 77 35 80 53 57 45 85 84 57 70 43 39 93 78 73 79 47 60 67 77 84 61 39 74 64 58 95 55 44 64 61 30 82 73 94 39 73 0 39 55 86 69 79 58 78 66 76 77 77 45 36 49 71 92 91
67 87 52 71 38 88 40 65 53 69 80 60 57 80 66 38 78 53 53 91 46 59 79 55 72 78 45 46 62 68 63 62 72 41 61 84 56 63 65 34 81 28 39 0 61 53 54 62 62 48 31 83 76 62 66 97 40 55 59 69
64 73 61 72 63 29 51 49 49 63 62 61 70 83 67 72 53 28 50 60 77 83 59 58 46 65 70 84 78 55 63 69 65 100 70 54 81 76 88 45 73 69 55 61 0 45 55 74 58 61 85 86 30 62 62 55 56 36 80 29
82 68 50 27 42 55 67 76 57 74 50 63 43 98 28 68 41 65 36 62 33 41 63 85 63 83 88 64 51 72 63 96 68 87 68 58 81 66 83 59 91 50 86 53 45 0 63 54 71 80 77 28 98 46 54 84 38 57 80 68
82 63 80 84 64 44 53 53 84 38 38 81 70 33 62 65 76 47 51 47 55 84 60 63 49 60 72 62 66 67 69 69 60 43 62 72 92 72 45 52 50 52 69 54 55 63 0 41 86 79 91 62 36 42 50 77 81 63 51 43
60 83 73 56 70 47 79 75 63 80 67 70 95 52 58 48 60 29 60 57 72 85 79 54 96 55 46 43 76 66 65 49 44 58 70 65 82 66 42 51 68 77 79 62 74 54 41 0 79 59 56 38 51 63 58 63 64 84 76 36
76 77 73 74 64 79 68 62 69 94 69 73 48 47 54 50 70 59 55 64 35 79 45 54 94 53 67 29 57 96 70 57 64 90 77 41 64 61 62 74 60 51 58 62 58 71 86 79 0 29 75 54 78 71 71 33 81 31 47 91
68 75 55 89 70 89 42 65 71 91 40 90 64 70 67 43 33 36 54 63 65 44 65 79 53 84 83 64 61 81 74 42 82 30 69 35 43 58 67 63 58 85 78 48 61 80 79 59 29 0 59 73 57 74 56 66 84 81 80 41
44 54 74 56 60 72 51 78 86 48 53 63 73 59 44 45 42 40 67 57 65 34 70 44 43 52 69 47 43 59 51 41 60 49 58 44 95 80 69 57 70 75 66 31 85 77 91 56 75 59 0 52 65 35 71 69 42 89 78 72
81 46 91 67 82 55 68 44 74 61 61 40 70 64 63 86 70 81 74 60 92 50 58 40 56 71 75 49 41 56 85 59 53 54 83 74 73 67 62 76 54 74 76 83 86 28 62 38 54 73 52 0 68 62 62 38 57 66 91 78
74 58 75 48 63 66 44 86 45 50 65 69 86 86 33 76 42 49 78 86 88 68 78 82 76 83 75 65 76 61 29 63 78 44 72 58 70 80 46 64 34 44 77 76 30 98 36 51 78 57 65 68 0 73 80 96 56 61 46 76
73 90 61 73 61 85 61 76 70 61 44 77 87 60 54 44 77 50 76 88 49 54 71 75 52 65 37 48 69 77 28 70 56 46 65 75 58 91 29 56 80 46 77 62 62 46 42 63 71 74 35 62 73 0 72 63 72 59 40 58
73 66 60 83 57 80 64 69 91 44 57 68 81 40 62 54 37 75 34 66 73 92 92 85 64 58 76 62 66 44 61 48 64 68 83 82 62 72 66 54 68 56 45 66 62 54 50 58 71 56 71 62 80 72 0 57 51 71 44 69
64 67 57 45 46 58 49 67 74 47 57 80 65 53 84 59 87 50 85 56 31 76 78 45 79 76 62 45 49 82 51 34 59 84 60 90 86 46 52 39 34 76 36 97 55 84 77 63 33 66 69 38 96 63 57 0 54 51 72 88
80 53 61 78 72 67 62 52 46 83 66 66 43 68 79 69 74 65 59 46 51 76 58 79 71 30 30 52 57 53 66 55 49 65 42 68 78 34 71 54 53 53 49 40 56 38 81 64 81 84 42 57 56 72 51 54 0 76 61 61
66 68 91 77 69 79 64 67 55 46 75 86 53 93 56 63 52 57 55 60 52 71 75 66 67 49 66 65 61 58 88 79 60 64 52 49 54 49 83 92 87 58 71 55 36 57 63 84 31 81 89 66 61 59 71 51 76 0 75 93
40 70 60 31 65 74 81 61 66 72 72 33 30 73 54 56 56 61 60 48 90 84 34 61 58 66 94 49 79 69 51 68 73 67 77 85 29 73 82 62 53 42 92 59 80 80 51 76 47 80 78 91 46 40 44 72 61 75 0 68
44 73 54 44 61 60 44 44 46 56 55 60 70 65 89 67 58 60 78 84 85 69 83 56 28 52 60 53 36 37 54 44 66 83 62 51 87 73 77 71 68 60 91 69 29 68 43 36 91 41 72 78 76 58 69 88 61 93 68 0
