0 12 16 13 13 12 12 13 18 15 6 8 12 11 13 16 13 10 16 11
12 0 11 5 12 6 6 18 16 13 9 22 13 10 11 15 20 12 6 17
16 11 0 12 8 15 7 15 10 11 18 12 9 8 16 14 4 18 19 12
13 5 12 0 19 19 7 9 16 6 13 15 19 15 3 18 9 7 14 10
13 12 8 19 0 19 23 14 12 12 13 10 18 14 15 17 22 8 15 16
12 6 15 19 19 0 13 16 17 20 14 13 14 14 12 12 8 3 12 14
12 6 7 7 23 13 0 18 13 6 25 12 9 9 4 14 12 21 10 17
13 18 15 9 14 16 18 0 7 9 6 11 15 14 9 7 21 24 9 16
18 16 10 16 12 17 13 7 0 20 18 9 17 2 9 12 12 15 10 17
15 13 11 6 12 20 6 9 20 0 8 15 14 13 18 20 12 13 9 7
6 9 18 13 13 14 25 6 18 8 0 9 6 23 14 16 3 9 9 19
8 22 12 15 10 13 12 11 9 15 9 0 15 7 8 3 9 12 10 16
12 13 9 19 18 14 9 15 17 14 6 15 0 21 8 11 17 17 6 3
11 10 8 15 14 14 9 14 2 13 23 7 21 0 18 11 17 19 14 11
13 11 16 3 15 12 4 9 9 18 14 8 8 18 0 10 7 17 3 21
16 15 14 18 17 12 14 7 12 20 16 3 11 11 10 0 21 10 2 18
13 20 4 9 22 8 12 21 12 12 3 9 17 17 7 21 0 3 12 13
10 12 18 7 8 3 21 24 15 13 9 12 17 19 17 10 3 0 6 1
16 6 19 14 15 12 10 9 10 9 9 10 6 14 3 2 12 6 0 11
11 17 12 10 16 14 17 16 17 7 19 16 3 11 21 18 13 1 11 0
