0 16 19 19 13 17 14 2 11 3 14 7 12 12 16 11 7 10 18 12
16 0 15 10 13 13 14 13 9 13 12 14 23 13 21 18 8 22 1 6
19 15 0 12 18 6 25 19 6 15 6 22 14 16 25 20 3 25 9 20
19 10 12 0 9 19 12 23 21 14 21 3 24 12 24 26 22 14 11 24
13 13 18 9 0 22 12 3 26 16 19 15 20 15 8 11 11 13 11 21
17 13 6 19 22 0 13 18 23 10 21 10 11 14 19 19 21 20 9 12
14 14 25 12 12 13 0 14 16 19 7 14 15 25 15 6 25 10 21 21
2 13 19 23 3 18 14 0 15 27 9 21 28 21 14 11 20 15 18 7
11 9 6 21 26 23 16 15 0 13 12 11 9 4 7 16 14 16 18 16
3 13 15 14 16 10 19 27 13 0 28 18 9 7 18 23 18 18 25 15
14 12 6 21 19 21 7 9 12 28 0 15 9 14 19 24 15 16 14 14
7 14 22 3 15 10 14 21 11 18 15 0 26 26 19 4 25 11 12 20
12 23 14 24 20 11 15 28 9 9 9 26 0 21 19 24 5 8 11 21
12 13 16 12 15 14 25 21 4 7 14 26 21 0 10 17 16 14 25 18
16 21 25 24 8 19 15 14 7 18 19 19 19 10 0 11 22 13 22 14
11 18 20 26 11 19 6 11 16 23 24 4 24 17 11 0 12 22 11 14
7 8 3 22 11 21 25 20 14 18 15 25 5 16 22 12 0 20 8 6
10 22 25 14 13 20 10 15 16 18 16 11 8 14 13 22 20 0 11 14
18 1 9 11 11 9 21 18 18 25 14 12 11 25 22 11 8 11 0 22
12 6 20 24 21 12 21 7 16 15 14 20 21 18 14 14 6 14 22 0
